0,278
0,9
703,42
703,41
703,40
703,39
703,38
703,37
703,36
0,273
0,270
703,35
3,2
3,1
3,3
10,81
10,280
10,14
10,13
10,154
10,89
10,128
10,1
10,201
10,2
10,3
11,11
11,7
11,10
11,25
11,28
11,8
11,22
11,1
11,13
11,2
11,3
9,5
9,1
9,7
9,2
9,3
8,11
8,18
8,10
8,8
8,1
8,6
8,2
8,3
12,2
12,1
12,3
20,2
20,1
20,3
19,2
19,1
19,3
18,1
18,3
14,1
14,3
13,1
702,4
702,3
13,3
702,2
702,1
702,0
701,4
701,3
701,2
701,1
701,0
700,4
700,3
700,2
700,1
700,0
698,4
698,3
2,2
698,2
2,1
698,1
698,0
696,3
2,3
696,2
696,1
696,0
694,4
694,3
694,2
694,1
694,0
693,4
693,3
693,2
693,1
693,0
689,3
689,2
689,1
689,0
688,5
688,4
688,3
688,2
688,1
688,0
687,3
